# L0
620347712.0 0.0 0.0
18656368.0 5.05037100 3340.6124267
1108217.0 5.4009984 6681.2248534
91798.0 5.75479 10021.83728
27745.0 5.97050 3.52312
12316.0 0.84956 2810.92146

# L1
334085627474.0 0.0 0.0
1458227.0 3.60426 3340.61243
164901.0 3.92631 6681.22485
19963.0 4.26594 10021.83728

# B0
3197135.0 3.7683204 3340.6124267
298033.0 4.10617 6681.22485
289105.0 0.0 0.0
31366.0 4.44651 10021.83728

# R0
153033488.0 0.0 0.0
14184953.0 3.47971284 3340.6124267
660776.0 3.817834 6681.224853
46179.0 4.15595 10021.83728
